1493
1644
1569
1718
1193
1121
1192
1205
1874
1218
1074
1673
1709
1688
1516
1716
1623
1317
1158
1770
1227
1360
1840
1042
1106
1933
1620
1694
1447
1484
1624
1700
1139
1250
1410
1565
1585
1294
1412
1551
1810
1229
1700
1236
1466
1111
1883
1059
1967
1415
1973
1907
1709
1601
1950
1516
1195
1487
1529
1214
1135
1430
1397
1913
1616
1738
1445
1598
1439
1371
1542
1691
1971
1048
1165
1484
1847
1598
1514
1400
1022
1627
1931
1057
1716
1063
1597
1048
1258
1361
1144
1040
1731
1722
1221
1518
1878
1721
1433
1578
