108197
164868
147015
141493
101151
161751
112944
171486
173130
152784
107076
110538
157181
144405
114227
181741
110481
118488
160883
140663
106197
189346
181709
135526
131338
137942
158267
195892
191506
141714
118510
107469
140426
123230
152331
153816
165032
190102
183453
175096
180286
139964
152752
126908
103416
154893
161910
149013
163702
114313
160822
182911
166142
173264
147264
157632
110184
154754
156081
134898
153181
192371
107161
111272
197894
150920
124688
104504
127488
175033
183578
118995
155914
133458
112519
154783
109125
158153
146742
187801
173358
184761
147797
196174
196022
100235
192708
190693
114000
163602
135518
108388
132322
123427
153605
185419
168430
187555
199876
132861
