42 51 61 64
36 24 26 51
42 60 82 30
21 12 45 88
56 90 53 77
37 85 74 61
30 49 58 75
43 80 27 41
22 15 56 96
93 77 25 28
46 27 13 11
48 82 48 24
35 76 41 35
69 24 57 91
71 19 56 37
35 12 29 70
16 54 38 26
19 86 75 81
55 39 19 78
15 70 17 98
15 90 44 83
51 62 35 74
46 69 76 72
61 93 69 38
31 17 63 53
28 20 40 75
89 87 41 71
41 59 65 73
66 72 22 18
90 33 84 31
99 43 11 35
18 25 22 43
93 10 62 36
14 50 81 78
53 70 27 91
15 33 40 79
85 47 17 33
32 17 97 10
61 95 33 21
54 76 93 27
34 40 50 43
44 86 97 86
44 72 14 24
98 26 60 36
95 31 67 23
80 81 82 38
73 34 95 44
96 48 38 85
59 79 68 29
28 85 79 89
80 28 88 92
55 89 23 83
20 31 74 11
23 55 67 63
42 55 36 13
34 11 83 25
13 33 53 14
94 65 63 99
46 88 94 37
65 42 87 68
81 28 43 94
66 86 14 60
22 49 98 46
19 65 82 15
90 69 79 99
32 13 25 41
64 39 94 20
92 12 87 21
39 62 51 39
97 89 12 58
10 42 11 73
98 31 52 49
75 56 60 50
49 18 24 44
32 40 97 77
23 27 71 16
67 57 12 88
73 58 96 70
67 66 37 52
64 96 32 45
77 16 62 39
48 84 57 78
54 25 68 66
72 29 45 84
34 36 26 59
26 20 16 83
80 63 74 54
45 32 17 47
57 20 78 91
64 19 30 13
14 68 99 92
34 30 29 29
30 18 50 87
92 52 10 47
46 58 37 91
40 71 21 47
16 95 38 18
84 76 52 21
23 59 45 22
