1005 1006 1003 1009
1003 1004 1006 1004
1004 1004 1004 1004
1001 1000 1000 1005
1003 1001 1006 6147
1005 1008 1009 1007
1000 1006 1004 1006
1009 1003 1003 3341
1000 1009 1005 9912
1001 1000 1002 1003
1000 9624 1002 1005
1005 1002 1000 1001
1007 1009 1008 1000
1006 1008 1007 1006
1008 1003 1006 1001
1004 1006 1001 5149
1005 1009 1008 1009
1004 1003 8690 1000
1001 2605 6100 1006
1003 1002 1001 7403
1005 1004 1004 1006
2294 1007 1006 1002
1004 1001 1007 1005
1008 1009 1007 1002
1003 1003 1001 2206
1004 1002 1002 1008
1006 1002 1003 1001
1007 8045 1006 1005
1000 1001 1001 1008
1004 1001 1008 1007
1001 1009 1000 1005
1000 1005 1009 1003
1002 1001 1001 1003
5565 1002 4332 1007
1001 1004 1001 1001
1000 1004 1005 1002
8384 1008 1000 1001
1000 1004 5998 1000
1008 1009 1003 1005
1004 1008 1001 1003
1000 1009 6452 1000
1000 1001 1004 1009
1007 9086 1004 1000
1001 1007 1003 1005
1007 1005 1006 1007
1000 8201 1004 1001
1006 1001 1000 1007
1006 1003 1003 1004
1005 1006 1008 6426
1003 1007 1005 1007
