1690
9505
1332
3222
5410
4029
1020
8621
9289
3418
2096
2004
4652
6299
1074
3671
9717
7708
9859
8024
5388
5203
4176
9097
3718
2050
3508
7134
7434
6106
2182
4936
6021
2016
5311
9471
6595
5126
9313
1223
6988
5317
6882
5439
7342
7948
3239
8863
9698
9656
3448
4522
3420
3693
2069
5614
4705
2488
8331
7053
4968
8577
4287
5153
5262
6522
9420
6326
2787
6211
5956
9526
4294
2355
9792
3561
1888
9932
6291
8825
8250
5241
1161
5838
9271
4125
5179
8924
8335
3903
6629
6552
8262
2475
2637
2530
5828
7268
9326
9375
2145
9793
1124
7333
4047
2002
7186
6403
5145
1142
4317
9007
4263
4067
2878
5784
2961
4485
9441
9170
3015
4712
4713
3274
2507
1669
2675
8587
1682
2920
1655
1202
7410
6770
9218
6412
2155
9131
2280
2269
1969
7146
9864
7996
1551
6488
9473
5119
1586
5709
4007
2063
1118
2894
1617
9671
1572
5376
2538
3063
4570
4129
7798
4878
6221
2072
1290
4354
9328
1911
7512
4837
4217
8240
7298
9387
2602
6699
4662
1570
4643
6295
7988
3202
3986
6731
7858
2510
9522
3799
6023
3599
3676
3954
7883
7088
9715
5242
7210
1227
